Анализ
крови

1
51
27
5
2019
100
0
Анализ
крови

2
6
27
5
2019
100
0
Анализ
крови

2
21
27
5
2019
100
0
Анализ
крови

2
36
27
5
2019
100
0
Анализ
крови

2
51
27
5
2019
100
0
Анализ
крови

3
6
27
5
2019
100
0
Анализ
крови

3
21
27
5
2019
100
0
Анализ
крови

3
36
27
5
2019
100
0
Анализ
крови

3
51
27
5
2019
100
0
Анализ
крови

4
6
27
5
2019
100
0
Анализ
крови
1115
4
21
27
5
2019
100
0
Анализ
крови
666
4
36
27
5
2019
100
0
Анализ
крови
1112
4
51
27
5
2019
100
0
Анализ
крови

5
6
27
5
2019
100
0
Анализ
крови

5
21
27
5
2019
100
0
Анализ
крови

5
36
27
5
2019
100
0
Анализ
крови

5
51
27
5
2019
100
0
Анализ
крови

6
6
27
5
2019
100
0
Анализ
крови

6
21
27
5
2019
100
0
Анализ
крови

6
36
27
5
2019
100
0
Анализ
крови

6
51
27
5
2019
100
0
Анализ
крови

7
6
27
5
2019
100
0
Анализ
желез

2
3
27
5
2019
100
0
Анализ
желез

2
33
27
5
2019
100
0
Анализ
желез

3
3
27
5
2019
100
0
Анализ
желез

3
33
27
5
2019
100
0
Анализ
желез

4
3
27
5
2019
100
0
Анализ
желез

4
33
27
5
2019
100
0
Анализ
желез

5
3
27
5
2019
100
0
Терапевт 

Масюкин
1
40
27
5
2019
100
0
Терапевт 

Масюкин
1
50
27
5
2019
100
0
Терапевт 

Масюкин
2
0
27
5
2019
100
0
Терапевт 

Масюкин
2
10
27
5
2019
100
0
Терапевт 

Масюкин
2
20
27
5
2019
100
0
Терапевт 

Масюкин
2
30
27
5
2019
100
0
Терапевт 

Масюкин
2
40
27
5
2019
100
0
Терапевт 

Масюкин
2
50
27
5
2019
100
0
Терапевт 

Масюкин
3
0
27
5
2019
100
0
Терапевт 

Масюкин
3
10
27
5
2019
100
0
Терапевт 

Масюкин
3
20
27
5
2019
100
0
Терапевт 

Масюкин
3
30
27
5
2019
100
0
Терапевт 

Масюкин
3
40
27
5
2019
100
0
Терапевт 

Масюкин
3
50
27
5
2019
100
0
Терапевт 

Масюкин
4
0
27
5
2019
100
0
Терапевт 

Масюкин
4
10
27
5
2019
100
0
Терапевт 

Масюкин
4
20
27
5
2019
100
0
Терапевт 

Масюкин
4
30
27
5
2019
100
0
Терапевт 

Масюкин
4
40
27
5
2019
100
0
Терапевт 

Масюкин
4
50
27
5
2019
100
0
Терапевт 

Масюкин
5
0
27
5
2019
100
0
Терапевт 

Масюкин
5
10
27
5
2019
100
0
Терапевт 

Масюкин
5
20
27
5
2019
100
0
Терапевт 
666
Масюкин
5
30
27
5
2019
100
0
Терапевт 

Масюкин
5
40
27
5
2019
100
0
Терапевт 

Масюкин
5
50
27
5
2019
100
0
Терапевт 

Масюкин
6
0
27
5
2019
100
0
Терапевт 

Масюкин
6
10
27
5
2019
100
0
Терапевт 

Масюкин
6
20
27
5
2019
100
0
Терапевт 

Масюкин
6
30
27
5
2019
100
0
Терапевт 

Масюкин
6
40
27
5
2019
100
0
Терапевт 

Масюкин
6
50
27
5
2019
100
0
Терапевт 

Масюкин
7
0
27
5
2019
100
0
Терапевт 

Масюкин
7
10
27
5
2019
100
0
Терапевт 

Масюкин
7
20
27
5
2019
100
0
Терапевт 

Масюкин
7
30
27
5
2019
100
0
Терапевт 

Масюкин
7
40
27
5
2019
100
0
Терапевт 
1111
Масюкин
7
50
27
5
2019
100
0
Терапевт 

Масюкин
8
0
27
5
2019
100
0
Терапевт 

Масюкин
8
10
27
5
2019
100
0
Терапевт 

Грыжин
1
40
27
5
2019
100
0
Терапевт 

Грыжин
1
50
27
5
2019
100
0
Терапевт 

Грыжин
2
0
27
5
2019
100
0
Терапевт 

Грыжин
2
10
27
5
2019
100
0
Терапевт 

Грыжин
2
20
27
5
2019
100
0
Терапевт 

Грыжин
2
30
27
5
2019
100
0
Терапевт 

Грыжин
2
40
27
5
2019
100
0
Терапевт 

Грыжин
2
50
27
5
2019
100
0
Терапевт 

Грыжин
3
0
27
5
2019
100
0
Терапевт 

Грыжин
3
10
27
5
2019
100
0
Терапевт 

Грыжин
3
20
27
5
2019
100
0
Терапевт 

Грыжин
3
30
27
5
2019
100
0
Терапевт 

Грыжин
3
40
27
5
2019
100
0
Терапевт 

Грыжин
3
50
27
5
2019
100
0
Терапевт 

Грыжин
4
0
27
5
2019
100
0
Терапевт 

Грыжин
4
10
27
5
2019
100
0
Терапевт 

Грыжин
4
20
27
5
2019
100
0
Терапевт 

Грыжин
4
30
27
5
2019
100
0
Терапевт 

Грыжин
4
40
27
5
2019
100
0
Терапевт 

Грыжин
4
50
27
5
2019
100
0
Терапевт 

Грыжин
5
0
27
5
2019
100
0
Терапевт 

Грыжин
5
10
27
5
2019
100
0
Терапевт 

Грыжин
5
20
27
5
2019
100
0
Терапевт 

Грыжин
5
30
27
5
2019
100
0
Терапевт 

Грыжин
5
40
27
5
2019
100
0
Терапевт 

Грыжин
5
50
27
5
2019
100
0
Терапевт 

Грыжин
6
0
27
5
2019
100
0
Терапевт 

Грыжин
6
10
27
5
2019
100
0
Терапевт 

Грыжин
6
20
27
5
2019
100
0
Терапевт 

Грыжин
6
30
27
5
2019
100
0
Терапевт 

Грыжин
6
40
27
5
2019
100
0
Терапевт 

Грыжин
6
50
27
5
2019
100
0
Терапевт 

Грыжин
7
0
27
5
2019
100
0
Терапевт 
1111
Грыжин
7
10
27
5
2019
100
0
Терапевт 

Грыжин
7
20
27
5
2019
100
0
Терапевт 
1112
Грыжин
7
30
27
5
2019
100
0
Терапевт 
1115
Грыжин
7
40
27
5
2019
100
0
Терапевт 

Грыжин
7
50
27
5
2019
100
0
Терапевт 
666
Грыжин
8
0
27
5
2019
100
0
Терапевт 

Грыжин
8
10
27
5
2019
100
0